21
6
0 2767 2122 6022 1693 4009 3265 3688 1768 973 5139 2764 4720 4273 3403 4222 4503 2375 1215 5212 5951
2767 0 1437 8315 3986 6302 5558 5981 2863 1906 7432 5057 3413 2966 2096 2915 3196 4668 3508 7505 8244
2122 1437 0 7670 3341 5657 4913 5336 2218 1261 6787 4412 3390 2943 2073 2892 3173 4023 2863 6860 7599
6022 8315 7670 0 6077 2323 3075 3372 7316 6521 1815 5156 10268 9821 8951 9770 10051 3831 5105 972 1385
1693 3986 3341 6077 0 4064 3320 3743 2987 2192 5194 2819 5939 5492 4622 5441 5722 2430 1270 5267 6006
4009 6302 5657 2323 4064 0 1062 1359 5303 4508 1440 3143 8255 7808 6938 7757 8038 1818 3092 1513 2252
3265 5558 4913 3075 3320 1062 0 741 4559 3764 2192 2399 7511 7064 6194 7013 7294 1074 2348 2265 3004
3688 5981 5336 3372 3743 1359 741 0 4982 4187 2489 2822 7934 7487 6617 7436 7717 1497 2771 2562 3301
1768 2863 2218 7316 2987 5303 4559 4982 0 1069 6433 4058 4816 4369 3499 4318 4599 3669 2509 6506 7245
973 1906 1261 6521 2192 4508 3764 4187 1069 0 5638 3263 3859 3412 2542 3361 3642 2874 1714 5711 6450
5139 7432 6787 1815 5194 1440 2192 2489 6433 5638 0 4273 9385 8938 8068 8887 9168 2948 4222 1005 1744
2764 5057 4412 5156 2819 3143 2399 2822 4058 3263 4273 0 7010 6563 5693 6512 6793 1509 1847 4346 5085
4720 3413 3390 10268 5939 8255 7511 7934 4816 3859 9385 7010 0 849 2303 1952 389 6621 5461 9458 10197
4273 2966 2943 9821 5492 7808 7064 7487 4369 3412 8938 6563 849 0 1856 1505 632 6174 5014 9011 9750
3403 2096 2073 8951 4622 6938 6194 6617 3499 2542 8068 5693 2303 1856 0 1805 2086 5304 4144 8141 8880
4222 2915 2892 9770 5441 7757 7013 7436 4318 3361 8887 6512 1952 1505 1805 0 1735 6123 4963 8960 9699
4503 3196 3173 10051 5722 8038 7294 7717 4599 3642 9168 6793 389 632 2086 1735 0 6404 5244 9241 9980
2375 4668 4023 3831 2430 1818 1074 1497 3669 2874 2948 1509 6621 6174 5304 6123 6404 0 1458 3021 3760
1215 3508 2863 5105 1270 3092 2348 2771 2509 1714 4222 1847 5461 5014 4144 4963 5244 1458 0 4295 5034
5212 7505 6860 972 5267 1513 2265 2562 6506 5711 1005 4346 9458 9011 8141 8960 9241 3021 4295 0 901
5951 8244 7599 1385 6006 2252 3004 3301 7245 6450 1744 5085 10197 9750 8880 9699 9980 3760 5034 901 0